8.395905142780976660e-02
4.127474977567837100e-01
2.118094104720741888e-01
6.138587879680478671e-02
4.316272162151744141e-01
1.892561851024065211e-01
9.996471730239263609e-01
1.700224202290412379e-01
4.510928148616570599e-02
3.194437690982420697e-01
8.113774406256065719e-01
6.280052974230210250e-02
2.777037133844759142e-01
1.717340822103368414e-01
9.388549731939213050e-01
6.148189735165095898e-02
2.134253049351483023e-01
3.052310206938312342e-01
7.764684253693827642e-01
1.797198617097478801e-01
2.535053608163480576e-01
4.592825783862903438e-02
1.907898460499898585e-01
3.624216270235240955e-01
1.158860843576546285e-01
3.031924934818994166e-01
4.170681467100064710e-01
3.637059713807525019e-02
3.273328428219872410e-02
1.249457505510730426e-01
4.877989008832288309e-02
8.181546626850762227e-02
4.169695829455053598e-02
2.281170657120492329e-01
7.361964332939594513e-01
3.598742111559766754e-01
7.438386524151477386e-02
4.661250944442099087e-01
1.009596822944114070e-01
4.905078929292343293e-02
2.394332082116119864e-01
4.266533414105426192e-01
7.963051705553876591e-02
9.596472267483742435e-02
9.144104634734850912e-01
4.383916139563074493e-02
1.643796562596449851e-01
8.681197575412295808e-02
7.182850097203286044e-02
2.407152513324813115e-01
9.997969348032996750e-01
1.932322135290905352e-01
9.996727589197444974e-01
3.894795521680426975e-01
8.518373731845152452e-01
8.968113748335366786e-01
7.202721416395009291e-01
6.053466696548235326e-01
6.427848509587977821e-01
9.497304660608542060e-01
8.275765228004843266e-01
8.430963508125229877e-01
1.820338915562218496e-01
8.807313420487382638e-01
9.644594097381755660e-01
6.514059246531214153e-01
8.289144615227888035e-01
9.986069504532513186e-01
3.793487226344105512e-01
9.482520791680565386e-01
9.774244086063013093e-01
3.118115951156553156e-01
6.300748685382751013e-01
4.262022474268072347e-01
8.020873869997379169e-01
9.912836017838689839e-01
7.102157301123356303e-01
4.702087207801826652e-01
9.820117305287748843e-01
2.498708403714920145e-01
1.602604830770818778e-01
9.998601128206368038e-01
9.681688044633617318e-01
9.343402462401761976e-01
5.085322634496162175e-01
8.780018335907271432e-01
8.046773702533505102e-01
6.498029884682741120e-01
7.525089868872330001e-01
9.999454554726115996e-01
2.342785725904060756e-01
7.147137626743373939e-01
6.953308880487510946e-01
8.041847088594835657e-01
8.354013748844523191e-01
5.220584791725235707e-01
5.029738557928495890e-01
7.232956640258897396e-01
9.979439320216575426e-01
4.142511836177283358e-01
